# vtkDataFileVersion 3.0
level 1 sphere data
ASCII
DATASET STRUCTURED_POINTS
DIMENSIONS 32 32 32
ORIGIN -0.0 -0.0 -0.0
SPACING 0.016129032258064516 0.016129032258064516 0.016129032258064516
POINT_DATA 32768
SCALARS volume_data float 1 
LOOKUP_TABLE default 
2.3094010767585034 2.359017934879445 2.408334578755404 2.4570116328814247 2.504667206065008 2.5508787993894924 2.595187432517978 2.637104342366503 2.6761204880059313 2.711718904412311 2.743389687946551 2.7706470854462615 2.7930478307178754 2.8102095764158865 2.8218280634875805 2.827691608643585 2.827691608643585 2.8218280634875805 2.8102095764158865 2.7930478307178754 2.7706470854462615 2.743389687946551 2.711718904412311 2.6761204880059313 2.637104342366503 2.595187432517978 2.5508787993894924 2.504667206065008 2.4570116328814247 2.408334578755404 2.359017934879445 2.3094010767585034 
2.359017934879445 2.4119766747171276 2.4647655350218147 2.5170207567489853 2.5683283661382936 2.618225500295341 2.6662043057326903 2.711718904412311 2.7541957945275053 2.7930478307178754 2.8276916086435846 2.857567679516351 2.8821625832231987 2.901031279553532 2.9138182562542223 2.920275479145542 2.920275479145542 2.9138182562542223 2.901031279553532 2.8821625832231987 2.857567679516351 2.827691608643585 2.7930478307178754 2.7541957945275053 2.711718904412311 2.6662043057326903 2.618225500295341 2.5683283661382936 2.5170207567489853 2.4647655350218147 2.4119766747171276 2.359017934879445 
2.408334578755404 2.4647655350218147 2.5211794060229584 2.5771885161835106 2.6323463694473563 2.6861481408923327 2.73803411487822 2.7873967418113876 2.8335918583739867 2.8759543636648224 2.9138182562542223 2.9465404304348968 2.973527053809244 2.99426078818103 3.0083266825722115 3.0154343751319446 3.0154343751319446 3.0083266825722115 2.99426078818103 2.973527053809244 2.9465404304348968 2.9138182562542223 2.8759543636648224 2.8335918583739867 2.7873967418113876 2.73803411487822 2.6861481408923327 2.6323463694473563 2.5771885161835106 2.5211794060229584 2.4647655350218147 2.408334578755404 
2.4570116328814247 2.517020756748985 2.5771885161835106 2.6371043423665035 2.6962893686208944 2.7541957945275053 2.8102095764158865 2.863657335180544 2.9138182562542223 2.959941479362989 3.001269014943276 3.037063589875953 3.066640074342887 3.0893983833746685 3.104855132184033 3.1126710165005913 3.1126710165005913 3.104855132184033 3.0893983833746685 3.066640074342887 3.037063589875953 3.001269014943276 2.959941479362989 2.9138182562542223 2.863657335180544 2.8102095764158865 2.7541957945275053 2.6962893686208944 2.6371043423665035 2.5771885161835106 2.517020756748985 2.4570116328814247 
2.504667206065008 2.5683283661382936 2.6323463694473563 2.6962893686208944 2.7596469543278457 2.8218280634875805 2.8821625832231987 2.9399078042849123 2.99426078818103 3.044377420069465 3.089398383374668 3.128481510685163 3.1608389999944064 3.185776972339989 3.2027339888500816 3.211314671310758 3.211314671310758 3.2027339888500816 3.185776972339989 3.1608389999944064 3.128481510685163 3.0893983833746685 3.044377420069465 2.99426078818103 2.9399078042849123 2.8821625832231987 2.8218280634875805 2.7596469543278457 2.6962893686208944 2.6323463694473563 2.5683283661382936 2.504667206065008 
2.5508787993894924 2.618225500295341 2.6861481408923322 2.7541957945275053 2.8218280634875805 2.888411181524194 2.9532181510231537 3.0154343751319446 3.074170202498143 3.128481510685163 3.1773988461390603 3.2199646928283796 3.255277219004649 3.2825375181121075 3.3010961820030125 3.310494339616076 3.310494339616076 3.3010961820030125 3.2825375181121075 3.255277219004649 3.2199646928283796 3.1773988461390603 3.128481510685163 3.074170202498143 3.0154343751319446 2.9532181510231537 2.888411181524194 2.8218280634875805 2.7541957945275053 2.6861481408923327 2.618225500295341 2.5508787993894924 
2.595187432517978 2.6662043057326903 2.7380341148782197 2.8102095764158865 2.8821625832231987 2.9532181510231537 3.02259268639214 3.0893983833746685 3.1526555843217126 3.211314671310758 3.2642883842544697 3.310494339616076 3.348906001626738 3.3786086319737465 3.3988551570584264 3.4091158752149333 3.4091158752149333 3.3988551570584264 3.3786086319737465 3.348906001626738 3.310494339616076 3.2642883842544697 3.211314671310758 3.1526555843217126 3.0893983833746685 3.02259268639214 2.9532181510231537 2.8821625832231987 2.8102095764158865 2.73803411487822 2.6662043057326903 2.595187432517978 
2.637104342366503 2.711718904412311 2.7873967418113876 2.863657335180544 2.9399078042849123 3.0154343751319446 3.0893983833746685 3.1608389999944064 3.228684992324432 3.2917776138517736 3.348906001626738 3.3988551570584264 3.44046472683075 3.4726946083894648 3.4946913104083577 3.5058475760105465 3.5058475760105465 3.4946913104083577 3.4726946083894648 3.44046472683075 3.3988551570584264 3.348906001626738 3.2917776138517736 3.228684992324432 3.1608389999944064 3.0893983833746685 3.0154343751319446 2.9399078042849123 2.863657335180544 2.7873967418113876 2.711718904412311 2.637104342366503 
2.6761204880059313 2.7541957945275053 2.8335918583739867 2.9138182562542227 2.99426078818103 3.074170202498143 3.1526555843217126 3.228684992324432 3.3010961820030134 3.3686201145297994 3.4299192162710437 3.4836408754367056 3.5284844379917275 3.563277237856085 3.5870524956703047 3.5991199897928805 3.5991199897928805 3.5870524956703047 3.563277237856085 3.5284844379917275 3.4836408754367056 3.429919216271044 3.3686201145297994 3.3010961820030134 3.228684992324432 3.1526555843217126 3.074170202498143 2.99426078818103 2.9138182562542227 2.8335918583739867 2.7541957945275053 2.6761204880059313 
2.711718904412311 2.7930478307178754 2.875954363664822 2.9599414793629895 3.044377420069465 3.128481510685163 3.211314671310758 3.2917776138517736 3.3686201145297994 3.44046472683075 3.5058475760105465 3.563277237856084 3.6113101008656234 3.6486372952862984 3.6741748758649506 3.687146407390326 3.687146407390326 3.6741748758649506 3.6486372952862984 3.6113101008656234 3.563277237856084 3.5058475760105465 3.44046472683075 3.3686201145297994 3.2917776138517736 3.211314671310758 3.128481510685163 3.044377420069465 2.9599414793629895 2.8759543636648224 2.7930478307178754 2.711718904412311 
2.743389687946551 2.8276916086435846 2.9138182562542223 3.001269014943276 3.089398383374668 3.1773988461390603 3.2642883842544697 3.348906001626738 3.4299192162710437 3.5058475760105465 3.5751055765703303 3.636066586788498 3.687146407390326 3.726901156625387 3.75413002025537 3.767970177869137 3.767970177869137 3.75413002025537 3.726901156625387 3.687146407390326 3.636066586788498 3.5751055765703303 3.5058475760105465 3.4299192162710437 3.348906001626738 3.2642883842544697 3.1773988461390603 3.089398383374668 3.001269014943276 2.9138182562542223 2.8276916086435846 2.743389687946551 
2.7706470854462615 2.857567679516351 2.9465404304348963 3.0370635898759533 3.128481510685163 3.2199646928283796 3.310494339616076 3.3988551570584264 3.4836408754367056 3.563277237856084 3.636066586788498 3.7002563026436133 3.75413002025537 3.796116004520287 3.824902130548941 3.8395429577803215 3.8395429577803215 3.824902130548941 3.796116004520287 3.75413002025537 3.7002563026436133 3.6360665867884987 3.563277237856084 3.4836408754367056 3.3988551570584264 3.310494339616076 3.21996469282838 3.128481510685163 3.0370635898759533 2.9465404304348968 2.857567679516351 2.7706470854462615 
2.7930478307178754 2.8821625832231987 2.9735270538092435 3.066640074342888 3.1608389999944064 3.255277219004649 3.348906001626738 3.44046472683075 3.5284844379917275 3.6113101008656234 3.687146407390326 3.75413002025537 3.810427519950613 3.8543532073932973 3.884495235995159 3.8998338750791217 3.8998338750791217 3.884495235995159 3.8543532073932973 3.810427519950613 3.75413002025537 3.687146407390326 3.6113101008656234 3.5284844379917275 3.44046472683075 3.348906001626738 3.255277219004649 3.1608389999944064 3.066640074342888 2.973527053809244 2.8821625832231987 2.7930478307178754 
2.8102095764158865 2.901031279553532 2.99426078818103 3.0893983833746685 3.185776972339989 3.2825375181121075 3.3786086319737465 3.4726946083894648 3.563277237856085 3.6486372952862984 3.726901156625387 3.796116004520287 3.8543532073932973 3.8998338750791217 3.9310642746790965 3.946963487291228 3.946963487291228 3.9310642746790965 3.8998338750791217 3.8543532073932973 3.796116004520287 3.726901156625387 3.6486372952862984 3.563277237856085 3.4726946083894648 3.3786086319737465 3.282537518112108 3.185776972339989 3.0893983833746685 2.9942607881810304 2.901031279553532 2.8102095764158865 
2.8218280634875805 2.9138182562542223 3.0083266825722115 3.104855132184033 3.2027339888500816 3.3010961820030125 3.3988551570584264 3.4946913104083577 3.5870524956703047 3.6741748758649506 3.75413002025537 3.824902130548941 3.884495235995159 3.9310642746790965 3.9630571870236766 3.9793493715952164 3.9793493715952164 3.9630571870236766 3.9310642746790965 3.884495235995159 3.824902130548941 3.75413002025537 3.6741748758649506 3.5870524956703047 3.4946913104083577 3.3988551570584264 3.3010961820030134 3.2027339888500816 3.104855132184033 3.0083266825722115 2.9138182562542223 2.8218280634875805 
2.8276916086435846 2.920275479145542 3.0154343751319446 3.1126710165005913 3.211314671310758 3.310494339616076 3.4091158752149333 3.5058475760105465 3.5991199897928805 3.687146407390326 3.767970177869137 3.8395429577803215 3.8998338750791217 3.946963487291228 3.9793493715952164 3.995844154722077 3.995844154722077 3.9793493715952164 3.946963487291228 3.8998338750791217 3.8395429577803215 3.767970177869137 3.687146407390326 3.5991199897928805 3.5058475760105465 3.4091158752149333 3.310494339616076 3.211314671310758 3.1126710165005913 3.0154343751319446 2.920275479145542 2.8276916086435846 
2.8276916086435846 2.920275479145542 3.0154343751319446 3.1126710165005913 3.211314671310758 3.310494339616076 3.4091158752149333 3.5058475760105465 3.5991199897928805 3.687146407390326 3.767970177869137 3.8395429577803215 3.8998338750791217 3.946963487291228 3.9793493715952164 3.995844154722077 3.995844154722077 3.9793493715952164 3.946963487291228 3.8998338750791217 3.8395429577803215 3.767970177869137 3.687146407390326 3.5991199897928805 3.5058475760105465 3.4091158752149333 3.310494339616076 3.211314671310758 3.1126710165005913 3.0154343751319446 2.920275479145542 2.8276916086435846 
2.8218280634875805 2.9138182562542223 3.0083266825722115 3.104855132184033 3.2027339888500816 3.3010961820030125 3.3988551570584264 3.4946913104083577 3.5870524956703047 3.6741748758649506 3.75413002025537 3.824902130548941 3.884495235995159 3.9310642746790965 3.9630571870236766 3.9793493715952164 3.9793493715952164 3.9630571870236766 3.9310642746790965 3.884495235995159 3.824902130548941 3.75413002025537 3.6741748758649506 3.5870524956703047 3.4946913104083577 3.3988551570584264 3.3010961820030134 3.2027339888500816 3.104855132184033 3.0083266825722115 2.9138182562542223 2.8218280634875805 
2.8102095764158865 2.901031279553532 2.99426078818103 3.0893983833746685 3.185776972339989 3.2825375181121075 3.3786086319737465 3.4726946083894648 3.563277237856085 3.6486372952862984 3.726901156625387 3.796116004520287 3.8543532073932973 3.8998338750791217 3.9310642746790965 3.946963487291228 3.946963487291228 3.9310642746790965 3.8998338750791217 3.8543532073932973 3.796116004520287 3.726901156625387 3.6486372952862984 3.563277237856085 3.4726946083894648 3.3786086319737465 3.282537518112108 3.185776972339989 3.0893983833746685 2.9942607881810304 2.901031279553532 2.8102095764158865 
2.7930478307178754 2.8821625832231987 2.9735270538092435 3.066640074342888 3.1608389999944064 3.255277219004649 3.348906001626738 3.44046472683075 3.5284844379917275 3.6113101008656234 3.687146407390326 3.75413002025537 3.810427519950613 3.8543532073932973 3.884495235995159 3.8998338750791217 3.8998338750791217 3.884495235995159 3.8543532073932973 3.810427519950613 3.75413002025537 3.687146407390326 3.6113101008656234 3.5284844379917275 3.44046472683075 3.348906001626738 3.255277219004649 3.1608389999944064 3.066640074342888 2.973527053809244 2.8821625832231987 2.7930478307178754 
2.7706470854462615 2.857567679516351 2.9465404304348963 3.0370635898759533 3.128481510685163 3.2199646928283796 3.310494339616076 3.3988551570584264 3.4836408754367056 3.563277237856084 3.636066586788498 3.7002563026436133 3.75413002025537 3.796116004520287 3.824902130548941 3.8395429577803215 3.8395429577803215 3.824902130548941 3.796116004520287 3.75413002025537 3.7002563026436133 3.6360665867884987 3.563277237856084 3.4836408754367056 3.3988551570584264 3.310494339616076 3.21996469282838 3.128481510685163 3.0370635898759533 2.9465404304348968 2.857567679516351 2.7706470854462615 
2.743389687946551 2.8276916086435846 2.9138182562542223 3.001269014943276 3.0893983833746685 3.1773988461390603 3.2642883842544697 3.348906001626738 3.429919216271044 3.5058475760105465 3.5751055765703303 3.6360665867884987 3.687146407390326 3.726901156625387 3.75413002025537 3.767970177869137 3.767970177869137 3.75413002025537 3.726901156625387 3.687146407390326 3.6360665867884987 3.5751055765703303 3.5058475760105465 3.429919216271044 3.348906001626738 3.2642883842544697 3.1773988461390603 3.0893983833746685 3.001269014943276 2.9138182562542227 2.8276916086435846 2.743389687946551 
2.711718904412311 2.7930478307178754 2.875954363664822 2.9599414793629895 3.044377420069465 3.128481510685163 3.211314671310758 3.2917776138517736 3.3686201145297994 3.44046472683075 3.5058475760105465 3.563277237856084 3.6113101008656234 3.6486372952862984 3.6741748758649506 3.687146407390326 3.687146407390326 3.6741748758649506 3.6486372952862984 3.6113101008656234 3.563277237856084 3.5058475760105465 3.44046472683075 3.3686201145297994 3.2917776138517736 3.211314671310758 3.128481510685163 3.044377420069465 2.9599414793629895 2.8759543636648224 2.7930478307178754 2.711718904412311 
2.6761204880059313 2.7541957945275053 2.8335918583739867 2.9138182562542227 2.99426078818103 3.074170202498143 3.1526555843217126 3.228684992324432 3.3010961820030134 3.3686201145297994 3.4299192162710437 3.4836408754367056 3.5284844379917275 3.563277237856085 3.5870524956703047 3.5991199897928805 3.5991199897928805 3.5870524956703047 3.563277237856085 3.5284844379917275 3.4836408754367056 3.429919216271044 3.3686201145297994 3.3010961820030134 3.228684992324432 3.1526555843217126 3.074170202498143 2.99426078818103 2.9138182562542227 2.8335918583739867 2.7541957945275053 2.6761204880059313 
2.637104342366503 2.711718904412311 2.7873967418113876 2.863657335180544 2.9399078042849123 3.0154343751319446 3.0893983833746685 3.1608389999944064 3.228684992324432 3.2917776138517736 3.348906001626738 3.3988551570584264 3.44046472683075 3.4726946083894648 3.4946913104083577 3.5058475760105465 3.5058475760105465 3.4946913104083577 3.4726946083894648 3.44046472683075 3.3988551570584264 3.348906001626738 3.2917776138517736 3.228684992324432 3.1608389999944064 3.0893983833746685 3.0154343751319446 2.9399078042849123 2.863657335180544 2.7873967418113876 2.711718904412311 2.637104342366503 
2.5951874325179785 2.6662043057326903 2.73803411487822 2.810209576415887 2.8821625832231987 2.9532181510231537 3.02259268639214 3.0893983833746685 3.1526555843217126 3.211314671310758 3.2642883842544697 3.310494339616076 3.348906001626738 3.3786086319737465 3.3988551570584264 3.4091158752149333 3.4091158752149333 3.3988551570584264 3.3786086319737465 3.348906001626738 3.310494339616076 3.2642883842544697 3.211314671310758 3.1526555843217126 3.0893983833746685 3.02259268639214 2.9532181510231537 2.8821625832231987 2.810209576415887 2.73803411487822 2.6662043057326903 2.5951874325179785 
2.5508787993894924 2.618225500295341 2.6861481408923327 2.7541957945275053 2.8218280634875805 2.888411181524194 2.9532181510231537 3.0154343751319446 3.074170202498143 3.128481510685163 3.1773988461390603 3.21996469282838 3.255277219004649 3.282537518112108 3.3010961820030134 3.310494339616076 3.310494339616076 3.3010961820030134 3.282537518112108 3.255277219004649 3.21996469282838 3.1773988461390603 3.128481510685163 3.074170202498143 3.0154343751319446 2.9532181510231537 2.888411181524194 2.8218280634875805 2.7541957945275053 2.6861481408923327 2.618225500295341 2.5508787993894924 
2.504667206065008 2.5683283661382936 2.6323463694473563 2.6962893686208944 2.7596469543278457 2.8218280634875805 2.8821625832231987 2.9399078042849123 2.99426078818103 3.044377420069465 3.089398383374668 3.128481510685163 3.1608389999944064 3.185776972339989 3.2027339888500816 3.211314671310758 3.211314671310758 3.2027339888500816 3.185776972339989 3.1608389999944064 3.128481510685163 3.0893983833746685 3.044377420069465 2.99426078818103 2.9399078042849123 2.8821625832231987 2.8218280634875805 2.7596469543278457 2.6962893686208944 2.6323463694473563 2.5683283661382936 2.504667206065008 
2.4570116328814247 2.517020756748985 2.5771885161835106 2.6371043423665035 2.6962893686208944 2.7541957945275053 2.8102095764158865 2.863657335180544 2.9138182562542223 2.959941479362989 3.001269014943276 3.037063589875953 3.066640074342887 3.0893983833746685 3.104855132184033 3.1126710165005913 3.1126710165005913 3.104855132184033 3.0893983833746685 3.066640074342887 3.037063589875953 3.001269014943276 2.959941479362989 2.9138182562542223 2.863657335180544 2.8102095764158865 2.7541957945275053 2.6962893686208944 2.6371043423665035 2.5771885161835106 2.517020756748985 2.4570116328814247 
2.408334578755404 2.4647655350218147 2.5211794060229584 2.5771885161835106 2.6323463694473563 2.6861481408923327 2.73803411487822 2.7873967418113876 2.8335918583739867 2.8759543636648224 2.9138182562542223 2.9465404304348968 2.973527053809244 2.9942607881810304 3.0083266825722115 3.0154343751319446 3.0154343751319446 3.0083266825722115 2.9942607881810304 2.973527053809244 2.9465404304348968 2.9138182562542227 2.8759543636648224 2.8335918583739867 2.7873967418113876 2.73803411487822 2.6861481408923327 2.6323463694473563 2.5771885161835106 2.5211794060229584 2.4647655350218147 2.408334578755404 
2.359017934879445 2.4119766747171276 2.4647655350218147 2.5170207567489853 2.5683283661382936 2.618225500295341 2.6662043057326903 2.711718904412311 2.7541957945275053 2.7930478307178754 2.8276916086435846 2.857567679516351 2.8821625832231987 2.901031279553532 2.9138182562542223 2.920275479145542 2.920275479145542 2.9138182562542223 2.901031279553532 2.8821625832231987 2.857567679516351 2.827691608643585 2.7930478307178754 2.7541957945275053 2.711718904412311 2.6662043057326903 2.618225500295341 2.5683283661382936 2.5170207567489853 2.4647655350218147 2.4119766747171276 2.359017934879445 
2.3094010767585034 2.359017934879445 2.408334578755404 2.4570116328814247 2.504667206065008 2.5508787993894924 2.595187432517978 2.637104342366503 2.6761204880059313 2.711718904412311 2.743389687946551 2.7706470854462615 2.7930478307178754 2.8102095764158865 2.8218280634875805 2.827691608643585 2.827691608643585 2.8218280634875805 2.8102095764158865 2.7930478307178754 2.7706470854462615 2.743389687946551 2.711718904412311 2.6761204880059313 2.637104342366503 2.595187432517978 2.5508787993894924 2.504667206065008 2.4570116328814247 2.408334578755404 2.359017934879445 2.3094010767585034 
2.359017934879445 2.4119766747171276 2.4647655350218147 2.517020756748985 2.5683283661382936 2.618225500295341 2.6662043057326903 2.711718904412311 2.7541957945275053 2.7930478307178754 2.8276916086435846 2.857567679516351 2.8821625832231987 2.901031279553532 2.9138182562542223 2.920275479145542 2.920275479145542 2.9138182562542223 2.901031279553532 2.8821625832231987 2.857567679516351 2.827691608643585 2.7930478307178754 2.7541957945275053 2.711718904412311 2.6662043057326903 2.618225500295341 2.5683283661382936 2.517020756748985 2.4647655350218147 2.4119766747171276 2.359017934879445 
2.4119766747171276 2.4686701165349514 2.5253587365436316 2.5816531163534124 2.637104342366503 2.6912044242204916 2.743389687946551 2.7930478307178754 2.8395291972221894 2.8821625832231983 2.9202754791455416 2.953218151023153 2.9803903683149913 3.001269014943276 3.015434375131944 3.0225926863921395 3.0225926863921395 3.015434375131944 3.001269014943276 2.9803903683149913 2.953218151023153 2.920275479145542 2.8821625832231983 2.8395291972221894 2.7930478307178754 2.743389687946551 2.6912044242204916 2.637104342366503 2.5816531163534124 2.5253587365436316 2.4686701165349514 2.4119766747171276 
2.4647655350218147 2.525358736543631 2.5861409999954237 2.646698205221298 2.706546331453946 2.765130609918005 2.8218280634875805 2.8759543636648224 2.926775822144894 2.9735270538092435 3.015434375131944 3.0517443453480864 3.081756075111313 3.104855132184033 3.1205462245749023 3.128481510685163 3.128481510685163 3.1205462245749023 3.104855132184033 3.081756075111313 3.0517443453480864 3.0154343751319446 2.9735270538092435 2.926775822144894 2.8759543636648224 2.8218280634875805 2.7651306099180055 2.706546331453946 2.646698205221298 2.5861409999954237 2.525358736543631 2.4647655350218147 
2.517020756748985 2.5816531163534124 2.6466982052212984 2.7117189044123116 2.776196709605799 2.83952919722219 2.901031279553532 2.959941479362989 3.0154343751319446 3.066640074342887 3.1126710165005913 3.1526555843217126 3.185776972339989 3.211314671310758 3.228684992324432 3.2374765266168906 3.2374765266168906 3.228684992324432 3.211314671310758 3.185776972339989 3.1526555843217126 3.1126710165005913 3.066640074342887 3.0154343751319446 2.959941479362989 2.901031279553532 2.83952919722219 2.776196709605799 2.7117189044123116 2.6466982052212984 2.5816531163534124 2.517020756748985 
2.5683283661382936 2.637104342366503 2.706546331453946 2.7761967096057987 2.845504015395592 2.9138182562542223 2.9803903683149913 3.044377420069465 3.104855132184033 3.1608389999944064 3.2113146713107574 3.255277219004649 3.2917776138517727 3.3199732261303283 3.3391778590656496 3.3489060016267373 3.3489060016267373 3.3391778590656496 3.3199732261303283 3.2917776138517727 3.255277219004649 3.211314671310758 3.1608389999944064 3.104855132184033 3.044377420069465 2.9803903683149913 2.9138182562542223 2.845504015395592 2.7761967096057987 2.706546331453946 2.637104342366503 2.5683283661382936 
2.618225500295341 2.6912044242204916 2.765130609918005 2.8395291972221894 2.9138182562542223 2.9873014277239007 3.0591650112469804 3.128481510685163 3.1942217239932678 3.255277219004649 3.3104943396160755 3.358719666624896 3.3988551570584256 3.4299192162710437 3.4511081079465353 3.4618508829040793 3.4618508829040793 3.4511081079465353 3.4299192162710437 3.3988551570584256 3.358719666624896 3.310494339616076 3.255277219004649 3.1942217239932678 3.128481510685163 3.0591650112469804 2.9873014277239007 2.9138182562542223 2.8395291972221894 2.765130609918005 2.6912044242204916 2.618225500295341 
2.6662043057326903 2.7433896879465505 2.8218280634875805 2.901031279553532 2.9803903683149913 3.0591650112469804 3.136477642604707 3.211314671310758 3.2825375181121075 3.348906001626738 3.409115875214933 3.4618508829040797 3.5058475760105465 3.5399685511474934 3.563277237856084 3.5751055765703303 3.5751055765703303 3.563277237856084 3.5399685511474934 3.5058475760105465 3.4618508829040797 3.4091158752149333 3.348906001626738 3.2825375181121075 3.211314671310758 3.136477642604707 3.0591650112469804 2.9803903683149913 2.901031279553532 2.8218280634875805 2.7433896879465505 2.6662043057326903 
2.711718904412311 2.7930478307178754 2.8759543636648224 2.959941479362989 3.044377420069465 3.128481510685163 3.211314671310758 3.2917776138517736 3.3686201145297994 3.44046472683075 3.5058475760105465 3.563277237856084 3.6113101008656234 3.6486372952862975 3.6741748758649506 3.687146407390326 3.687146407390326 3.6741748758649506 3.6486372952862984 3.6113101008656234 3.563277237856084 3.5058475760105465 3.44046472683075 3.3686201145297994 3.2917776138517736 3.211314671310758 3.128481510685163 3.044377420069465 2.959941479362989 2.8759543636648224 2.7930478307178754 2.711718904412311 
2.7541957945275053 2.8395291972221894 2.9267758221448945 3.0154343751319446 3.104855132184033 3.1942217239932678 3.2825375181121075 3.3686201145297994 3.4511081079465353 3.5284844379917275 3.5991199897928805 3.6613392912164544 3.7135070390599747 3.75413002025537 3.781964544248596 3.796116004520287 3.796116004520287 3.781964544248596 3.75413002025537 3.7135070390599747 3.6613392912164544 3.5991199897928805 3.5284844379917275 3.4511081079465353 3.3686201145297994 3.2825375181121075 3.1942217239932678 3.104855132184033 3.0154343751319446 2.9267758221448945 2.8395291972221894 2.7541957945275053 
2.7930478307178754 2.8821625832231983 2.9735270538092435 3.066640074342887 3.1608389999944064 3.255277219004649 3.348906001626738 3.44046472683075 3.5284844379917275 3.6113101008656234 3.6871464073903253 3.75413002025537 3.810427519950612 3.8543532073932973 3.884495235995159 3.899833875079121 3.899833875079121 3.884495235995159 3.8543532073932973 3.810427519950612 3.75413002025537 3.687146407390326 3.6113101008656234 3.5284844379917275 3.44046472683075 3.348906001626738 3.255277219004649 3.1608389999944064 3.066640074342887 2.9735270538092435 2.8821625832231983 2.7930478307178754 
2.8276916086435846 2.9202754791455416 3.0154343751319446 3.112671016500591 3.2113146713107574 3.3104943396160755 3.409115875214933 3.5058475760105465 3.5991199897928805 3.6871464073903253 3.767970177869136 3.8395429577803215 3.8998338750791217 3.946963487291228 3.9793493715952164 3.995844154722076 3.995844154722076 3.9793493715952164 3.946963487291228 3.8998338750791217 3.8395429577803215 3.767970177869137 3.6871464073903253 3.5991199897928805 3.5058475760105465 3.409115875214933 3.310494339616076 3.2113146713107574 3.112671016500591 3.0154343751319446 2.9202754791455416 2.8276916086435846 
2.857567679516351 2.953218151023153 3.0517443453480864 3.1526555843217126 3.255277219004649 3.358719666624896 3.4618508829040797 3.563277237856084 3.6613392912164544 3.75413002025537 3.8395429577803215 3.9153556632941697 3.9793493715952164 4.029458577877953 4.063935857135665 4.081509715795126 4.081509715795126 4.063935857135665 4.029458577877953 3.9793493715952164 3.9153556632941697 3.8395429577803215 3.75413002025537 3.6613392912164544 3.563277237856084 3.4618508829040797 3.358719666624896 3.255277219004649 3.1526555843217126 3.0517443453480864 2.953218151023153 2.857567679516351 
2.8821625832231987 2.9803903683149913 3.081756075111313 3.185776972339989 3.2917776138517736 3.3988551570584264 3.5058475760105465 3.6113101008656234 3.713507039059975 3.810427519950613 3.8998338750791217 3.9793493715952164 4.046587065621993 4.099313550425175 4.135631544983434 4.15415630307141 4.15415630307141 4.135631544983434 4.099313550425175 4.046587065621993 3.9793493715952164 3.8998338750791217 3.810427519950613 3.713507039059975 3.6113101008656234 3.5058475760105465 3.3988551570584264 3.2917776138517736 3.185776972339989 3.081756075111313 2.9803903683149913 2.8821625832231987 
2.901031279553532 3.001269014943276 3.104855132184033 3.211314671310758 3.3199732261303283 3.4299192162710437 3.5399685511474934 3.6486372952862984 3.75413002025537 3.8543532073932973 3.946963487291228 4.029458577877953 4.099313550425175 4.15415630307141 4.191965103453442 4.211260787030211 4.211260787030211 4.191965103453442 4.15415630307141 4.099313550425175 4.029458577877953 3.946963487291228 3.8543532073932973 3.75413002025537 3.6486372952862984 3.5399685511474934 3.429919216271044 3.3199732261303283 3.211314671310758 3.104855132184033 3.001269014943276 2.901031279553532 
2.9138182562542223 3.015434375131944 3.1205462245749023 3.228684992324432 3.3391778590656496 3.4511081079465353 3.563277237856084 3.6741748758649506 3.781964544248596 3.884495235995159 3.9793493715952155 4.063935857135665 4.135631544983434 4.191965103453442 4.23082540239663 4.250665255184577 4.250665255184577 4.23082540239663 4.191965103453442 4.135631544983434 4.063935857135665 3.9793493715952164 3.884495235995159 3.781964544248596 3.6741748758649506 3.563277237856084 3.4511081079465353 3.3391778590656496 3.228684992324432 3.1205462245749023 3.015434375131944 2.9138182562542223 
2.920275479145542 3.02259268639214 3.128481510685163 3.2374765266168906 3.348906001626738 3.4618508829040797 3.5751055765703303 3.687146407390326 3.796116004520287 3.8998338750791217 3.995844154722076 4.081509715795126 4.15415630307141 4.211260787030211 4.250665255184577 4.270786859973402 4.270786859973402 4.250665255184577 4.211260787030211 4.15415630307141 4.081509715795126 3.995844154722077 3.8998338750791217 3.796116004520287 3.687146407390326 3.5751055765703303 3.4618508829040797 3.348906001626738 3.2374765266168906 3.128481510685163 3.02259268639214 2.920275479145542 
2.920275479145542 3.02259268639214 3.128481510685163 3.2374765266168906 3.348906001626738 3.4618508829040797 3.5751055765703303 3.687146407390326 3.796116004520287 3.8998338750791217 3.995844154722076 4.081509715795126 4.15415630307141 4.211260787030211 4.250665255184577 4.270786859973402 4.270786859973402 4.250665255184577 4.211260787030211 4.15415630307141 4.081509715795126 3.995844154722077 3.8998338750791217 3.796116004520287 3.687146407390326 3.5751055765703303 3.4618508829040797 3.348906001626738 3.2374765266168906 3.128481510685163 3.02259268639214 2.920275479145542 
2.9138182562542223 3.015434375131944 3.1205462245749023 3.228684992324432 3.3391778590656496 3.4511081079465353 3.563277237856084 3.6741748758649506 3.781964544248596 3.884495235995159 3.9793493715952155 4.063935857135665 4.135631544983434 4.191965103453442 4.23082540239663 4.250665255184577 4.250665255184577 4.23082540239663 4.191965103453442 4.135631544983434 4.063935857135665 3.9793493715952164 3.884495235995159 3.781964544248596 3.6741748758649506 3.563277237856084 3.4511081079465353 3.3391778590656496 3.228684992324432 3.1205462245749023 3.015434375131944 2.9138182562542223 
2.901031279553532 3.001269014943276 3.104855132184033 3.211314671310758 3.3199732261303283 3.4299192162710437 3.5399685511474934 3.6486372952862984 3.75413002025537 3.8543532073932973 3.946963487291228 4.029458577877953 4.099313550425175 4.15415630307141 4.191965103453442 4.211260787030211 4.211260787030211 4.191965103453442 4.15415630307141 4.099313550425175 4.029458577877953 3.946963487291228 3.8543532073932973 3.75413002025537 3.6486372952862984 3.5399685511474934 3.429919216271044 3.3199732261303283 3.211314671310758 3.104855132184033 3.001269014943276 2.901031279553532 
2.8821625832231987 2.9803903683149913 3.081756075111313 3.185776972339989 3.2917776138517736 3.3988551570584264 3.5058475760105465 3.6113101008656234 3.713507039059975 3.810427519950613 3.8998338750791217 3.9793493715952164 4.046587065621993 4.099313550425175 4.135631544983434 4.15415630307141 4.15415630307141 4.135631544983434 4.099313550425175 4.046587065621993 3.9793493715952164 3.8998338750791217 3.810427519950613 3.713507039059975 3.6113101008656234 3.5058475760105465 3.3988551570584264 3.2917776138517736 3.185776972339989 3.081756075111313 2.9803903683149913 2.8821625832231987 
2.857567679516351 2.953218151023153 3.0517443453480864 3.1526555843217126 3.255277219004649 3.358719666624896 3.4618508829040797 3.563277237856084 3.6613392912164544 3.75413002025537 3.8395429577803215 3.9153556632941697 3.9793493715952164 4.029458577877953 4.063935857135665 4.081509715795126 4.081509715795126 4.063935857135665 4.029458577877953 3.9793493715952164 3.9153556632941697 3.8395429577803215 3.75413002025537 3.6613392912164544 3.563277237856084 3.4618508829040797 3.358719666624896 3.255277219004649 3.1526555843217126 3.0517443453480864 2.953218151023153 2.857567679516351 
2.8276916086435846 2.920275479145542 3.0154343751319446 3.1126710165005913 3.211314671310758 3.310494339616076 3.4091158752149333 3.5058475760105465 3.5991199897928805 3.687146407390326 3.767970177869137 3.8395429577803215 3.8998338750791217 3.946963487291228 3.9793493715952164 3.995844154722076 3.995844154722076 3.9793493715952164 3.946963487291228 3.8998338750791217 3.8395429577803215 3.767970177869137 3.687146407390326 3.5991199897928805 3.5058475760105465 3.4091158752149333 3.310494339616076 3.211314671310758 3.1126710165005913 3.0154343751319446 2.920275479145542 2.8276916086435846 
2.7930478307178754 2.8821625832231983 2.9735270538092435 3.066640074342887 3.1608389999944064 3.255277219004649 3.348906001626738 3.44046472683075 3.5284844379917275 3.6113101008656234 3.6871464073903253 3.75413002025537 3.810427519950612 3.8543532073932973 3.884495235995159 3.899833875079121 3.899833875079121 3.884495235995159 3.8543532073932973 3.810427519950612 3.75413002025537 3.687146407390326 3.6113101008656234 3.5284844379917275 3.44046472683075 3.348906001626738 3.255277219004649 3.1608389999944064 3.066640074342887 2.9735270538092435 2.8821625832231983 2.7930478307178754 
2.7541957945275053 2.8395291972221894 2.9267758221448945 3.0154343751319446 3.104855132184033 3.1942217239932678 3.2825375181121075 3.3686201145297994 3.4511081079465353 3.5284844379917275 3.5991199897928805 3.6613392912164544 3.7135070390599747 3.75413002025537 3.781964544248596 3.796116004520287 3.796116004520287 3.781964544248596 3.75413002025537 3.7135070390599747 3.6613392912164544 3.5991199897928805 3.5284844379917275 3.4511081079465353 3.3686201145297994 3.2825375181121075 3.1942217239932678 3.104855132184033 3.0154343751319446 2.9267758221448945 2.8395291972221894 2.7541957945275053 
2.711718904412311 2.7930478307178754 2.8759543636648224 2.959941479362989 3.044377420069465 3.128481510685163 3.211314671310758 3.2917776138517736 3.3686201145297994 3.44046472683075 3.5058475760105465 3.563277237856084 3.6113101008656234 3.6486372952862975 3.6741748758649506 3.687146407390326 3.687146407390326 3.6741748758649506 3.6486372952862984 3.6113101008656234 3.563277237856084 3.5058475760105465 3.44046472683075 3.3686201145297994 3.2917776138517736 3.211314671310758 3.128481510685163 3.044377420069465 2.959941479362989 2.8759543636648224 2.7930478307178754 2.711718904412311 
2.6662043057326903 2.743389687946551 2.821828063487581 2.901031279553532 2.9803903683149913 3.0591650112469804 3.136477642604707 3.211314671310758 3.2825375181121075 3.348906001626738 3.409115875214933 3.4618508829040797 3.5058475760105465 3.5399685511474934 3.563277237856085 3.5751055765703303 3.5751055765703303 3.563277237856085 3.5399685511474934 3.5058475760105465 3.4618508829040797 3.4091158752149333 3.348906001626738 3.2825375181121075 3.211314671310758 3.136477642604707 3.0591650112469804 2.9803903683149913 2.901031279553532 2.821828063487581 2.743389687946551 2.6662043057326903 
2.618225500295341 2.6912044242204916 2.7651306099180055 2.83952919722219 2.9138182562542223 2.9873014277239007 3.0591650112469804 3.128481510685163 3.1942217239932678 3.255277219004649 3.310494339616076 3.358719666624896 3.3988551570584264 3.4299192162710437 3.4511081079465358 3.4618508829040797 3.4618508829040797 3.4511081079465358 3.429919216271044 3.3988551570584264 3.358719666624896 3.310494339616076 3.255277219004649 3.1942217239932678 3.128481510685163 3.0591650112469804 2.9873014277239007 2.9138182562542223 2.83952919722219 2.7651306099180055 2.6912044242204916 2.618225500295341 
2.5683283661382936 2.637104342366503 2.706546331453946 2.7761967096057987 2.845504015395592 2.9138182562542223 2.9803903683149913 3.044377420069465 3.104855132184033 3.1608389999944064 3.2113146713107574 3.255277219004649 3.2917776138517727 3.3199732261303283 3.3391778590656496 3.3489060016267373 3.3489060016267373 3.3391778590656496 3.3199732261303283 3.2917776138517727 3.255277219004649 3.211314671310758 3.1608389999944064 3.104855132184033 3.044377420069465 2.9803903683149913 2.9138182562542223 2.845504015395592 2.7761967096057987 2.706546331453946 2.637104342366503 2.5683283661382936 
2.517020756748985 2.5816531163534124 2.6466982052212984 2.7117189044123116 2.776196709605799 2.83952919722219 2.901031279553532 2.959941479362989 3.0154343751319446 3.066640074342887 3.1126710165005913 3.1526555843217126 3.185776972339989 3.211314671310758 3.228684992324432 3.2374765266168906 3.2374765266168906 3.228684992324432 3.211314671310758 3.185776972339989 3.1526555843217126 3.1126710165005913 3.066640074342887 3.0154343751319446 2.959941479362989 2.901031279553532 2.83952919722219 2.776196709605799 2.7117189044123116 2.6466982052212984 2.5816531163534124 2.517020756748985 
2.4647655350218147 2.5253587365436316 2.5861409999954237 2.6466982052212984 2.706546331453946 2.765130609918005 2.8218280634875805 2.8759543636648224 2.9267758221448945 2.9735270538092435 3.0154343751319446 3.0517443453480864 3.081756075111313 3.104855132184033 3.1205462245749023 3.128481510685163 3.128481510685163 3.1205462245749023 3.104855132184033 3.081756075111313 3.0517443453480864 3.0154343751319446 2.9735270538092435 2.9267758221448945 2.8759543636648224 2.8218280634875805 2.7651306099180055 2.706546331453946 2.6466982052212984 2.5861409999954237 2.5253587365436316 2.4647655350218147 
2.4119766747171276 2.4686701165349514 2.5253587365436316 2.5816531163534124 2.637104342366503 2.6912044242204916 2.743389687946551 2.7930478307178754 2.8395291972221894 2.8821625832231983 2.9202754791455416 2.953218151023153 2.9803903683149913 3.001269014943276 3.015434375131944 3.0225926863921395 3.0225926863921395 3.015434375131944 3.001269014943276 2.9803903683149913 2.953218151023153 2.920275479145542 2.8821625832231983 2.8395291972221894 2.7930478307178754 2.743389687946551 2.6912044242204916 2.637104342366503 2.5816531163534124 2.5253587365436316 2.4686701165349514 2.4119766747171276 
2.359017934879445 2.4119766747171276 2.4647655350218147 2.517020756748985 2.5683283661382936 2.618225500295341 2.6662043057326903 2.711718904412311 2.7541957945275053 2.7930478307178754 2.8276916086435846 2.857567679516351 2.8821625832231987 2.901031279553532 2.9138182562542223 2.920275479145542 2.920275479145542 2.9138182562542223 2.901031279553532 2.8821625832231987 2.857567679516351 2.827691608643585 2.7930478307178754 2.7541957945275053 2.711718904412311 2.6662043057326903 2.618225500295341 2.5683283661382936 2.517020756748985 2.4647655350218147 2.4119766747171276 2.359017934879445 
2.408334578755404 2.4647655350218147 2.5211794060229584 2.5771885161835106 2.6323463694473563 2.6861481408923322 2.7380341148782197 2.7873967418113876 2.8335918583739867 2.8759543636648224 2.9138182562542223 2.9465404304348968 2.9735270538092435 2.99426078818103 3.0083266825722115 3.0154343751319446 3.0154343751319446 3.0083266825722115 2.99426078818103 2.9735270538092435 2.9465404304348968 2.9138182562542223 2.8759543636648224 2.8335918583739867 2.7873967418113876 2.73803411487822 2.6861481408923327 2.6323463694473563 2.5771885161835106 2.5211794060229584 2.4647655350218147 2.408334578755404 
2.4647655350218147 2.5253587365436316 2.5861409999954237 2.6466982052212984 2.706546331453946 2.765130609918005 2.8218280634875805 2.875954363664822 2.926775822144894 2.9735270538092435 3.0154343751319446 3.0517443453480864 3.081756075111313 3.104855132184033 3.1205462245749023 3.128481510685163 3.128481510685163 3.1205462245749023 3.104855132184033 3.081756075111313 3.0517443453480864 3.0154343751319446 2.9735270538092435 2.926775822144894 2.875954363664822 2.8218280634875805 2.765130609918005 2.706546331453946 2.6466982052212984 2.5861409999954237 2.5253587365436316 2.4647655350218147 
